2453431.009      0.00990     0.52690     0.02980     0.02980
2453551.810     -0.03980    -0.65600     0.03970     0.03970
2453746.525      0.04134    -0.18746     0.00267     0.00267
2453746.554      0.03867    -0.19174     0.00267     0.00267
2454138.287     -0.02627    -0.57004     0.00702     0.00351
2454138.304     -0.03107    -0.56624     0.00210     0.00782
2454138.351     -0.03009    -0.55811     0.00527     0.00564
2454138.368     -0.03133    -0.56000     0.00482     0.00663
2454138.418     -0.03134    -0.54559     0.00385     0.00376
2454138.435     -0.02791    -0.54794     0.00571     0.00524
2454138.484     -0.02972    -0.53385     0.00797     0.01330
2454138.501     -0.03226    -0.53727     0.00531     0.00400
2454138.551     -0.03429    -0.53079     0.00497     0.00582
2454138.567     -0.03576    -0.52712     0.00270     0.00479
2454469.653     -0.02399    -0.28555     0.00670     0.00831
2454556.929      0.00438    -0.76686     0.01236     0.01277
2454556.948      0.01360    -0.76339     0.01972     0.01249
2454556.963      0.00575    -0.77212     0.01209     0.01280
2454557.005      0.00852    -0.77150     0.01196     0.00895
2454557.020      0.00075    -0.76812     0.00905     0.01013
2454557.039      0.00986    -0.76922     0.01789     0.01540
2454557.058      0.01530    -0.75957     0.00763     0.01568
2454557.074      0.00644    -0.76136     0.01636     0.01387
2454557.091      0.00707    -0.76824     0.01529     0.00785
2454593.726      0.00243    -0.75878     0.00576     0.00761
2454600.192     -0.02325     0.19934     0.00480     0.01161
2454601.990     -0.02293     0.50217     0.00618     0.00614
2454603.788     -0.01174     0.59613     0.00366     0.00485
2454605.788      0.00006     0.29915     0.00425     0.00613

